# Created by Octave 4.4.1, Thu Jan 03 15:39:48 2019 GMT <unknown@DESKTOP-K8TEBBH>
# name: v
# type: matrix
# rows: 15
# columns: 1
 3999
 2399
 3696
 2320
 5399
 2999
 3149
 1989
 2120
 2425
 2399
 3470
 2399
 6999
 2599


